20140410,54.0800,55.2500,53.9100,55.0200,29285300
20140411,53.4600,54.4700,53.3400,53.8900,12733000
20140414,53.9800,54.0700,53.3000,53.7500,12009500
20140415,53.9000,54.2400,52.9200,53.8600,10699200
20140416,54.6900,54.8700,53.9200,54.2100,7244300
20140417,54.9700,55.1700,54.4700,54.4800,7514100
20140421,54.9300,55.0000,54.3200,54.9600,5983300
20140422,55.4700,55.6200,54.5600,54.8800,7460100
20140423,54.9400,55.5700,54.6400,55.5400,6611500
20140424,54.8400,55.6000,54.4500,55.4800,7691000
20140425,53.7200,54.7900,53.4500,54.5800,9638700
20140428,53.6400,54.1200,52.9500,54.1200,9724600
20140429,54.5400,54.6600,53.3900,53.9100,13908800
20140430,51.8300,52.4000,50.8800,51.9500,32515900
20140501,51.6900,52.7500,51.6700,52.0200,12793500
20140502,52.0100,52.5300,51.7000,51.7300,12210600
20140505,52.0000,52.3500,51.5700,51.8000,10896600
20140506,50.9500,52.0700,50.8900,52.0700,14641700
20140507,50.5700,51.0400,49.7700,50.8200,19840100
20140508,50.2600,51.2100,50.0200,50.6300,13043200
20140509,50.5400,50.8700,50.3100,50.5000,14188600
20140512,51.3300,51.3800,50.7100,50.9200,12768700
20140513,51.5800,51.7700,51.2600,51.4100,12640600
20140514,51.6500,52.0800,51.5900,51.7900,11144200
20140515,51.3600,51.4700,50.6500,51.2000,12553200
20140516,51.9500,52.4800,50.9800,51.6500,18487100
20140519,52.3300,52.4600,51.6400,51.7500,8168500
20140520,51.9600,52.2200,51.6400,52.1900,6336500
20140521,51.8800,51.8800,50.3000,50.8600,17418700
20140522,51.5000,52.0600,51.1900,51.9900,12673800
20140523,52.0200,52.0400,51.5100,51.7100,7123800
20140527,51.7700,52.3200,51.7000,52.3100,10333600
20140528,50.3900,51.7900,50.3000,51.7400,18819100
20140529,50.1400,50.7900,49.9600,50.6400,16760800
20140530,50.7300,50.7900,49.8100,50.3400,15424300
20140602,50.4900,50.9400,50.3300,50.6800,7658400
20140603,50.4200,50.9200,50.2700,50.4500,8618300
20140604,50.4500,50.7500,49.9200,50.3900,6620900
20140605,50.5800,50.6600,50.0800,50.6600,12025800
20140606,49.7000,50.8800,49.5000,50.8800,21416200
20140609,49.5800,49.7300,48.5000,49.1100,22165100
20140610,48.2500,48.8100,48.1700,48.6500,35990300
20140611,48.8300,48.9000,48.1400,48.3000,15313700
20140612,48.5600,49.1200,48.5000,48.8700,13596500
20140613,49.0400,49.2700,48.6100,48.7800,9072000
20140616,49.0000,49.1700,48.7400,48.9200,7707800
20140617,49.0600,49.2200,48.7800,48.9000,8633700
20140618,49.6600,49.7400,48.8600,49.1900,9222700
20140619,49.6000,49.8000,49.5000,49.7000,11921700
20140620,49.3400,49.7500,48.9500,49.7400,18571600
20140623,49.3900,49.6600,48.9000,49.4700,9423200
20140624,48.8500,49.4900,48.7600,49.3900,11606400
20140625,49.3200,49.5000,48.6700,48.8000,8941700
20140626,49.4700,49.6700,49.0300,49.5000,8076200
20140627,50.0800,50.1800,49.4300,49.5800,11044100
20140630,50.0600,50.1900,49.8000,50.1900,10604100
20140701,50.5000,50.6700,50.0700,50.1900,8805200
20140702,50.5500,50.8000,50.5000,50.5100,9345300
20140703,50.9400,51.0800,50.6200,50.9600,4612000
20140707,50.7400,50.9800,50.6100,50.9300,7219300
20140708,50.1800,50.7700,50.0100,50.6100,13072000
20140709,50.9300,50.9300,50.0100,50.3000,8425600
20140710,50.3400,50.5400,49.7400,50.2200,8327000
20140711,51.5000,51.8300,51.0000,51.0000,13892900
20140714,51.1600,51.3100,50.6700,51.2500,9402500
20140715,50.8200,51.4900,50.5300,51.4500,9431100
20140716,50.7000,51.1800,50.5000,51.0300,13817400
20140717,51.0300,51.8400,50.8300,51.1000,21706700
20140718,51.4800,51.6400,50.5800,50.9300,12948700
20140721,51.7000,51.8600,51.0400,51.2700,9922500
20140722,52.0500,52.2900,51.7100,51.8700,10423500
20140723,52.6600,52.7200,51.8700,52.0000,13881000
20140724,53.2300,53.5000,52.5200,52.5200,16257600
20140725,52.7500,53.1000,52.5400,52.7800,11250800
20140728,52.9300,53.0900,52.2300,52.9100,9402700
20140729,53.2100,53.3800,52.7500,53.1000,12015300
20140730,53.2300,53.5800,52.7600,53.2800,9101900
20140731,52.8300,53.0600,52.6600,52.9400,11514200
20140801,52.5300,52.9100,52.1400,52.7800,12844200
20140804,53.0600,53.1300,52.2400,52.4100,11999300
20140805,53.2600,53.3200,52.8200,53.0100,10997100
20140806,53.4600,53.6900,52.8000,52.9600,10209800
20140807,53.5600,54.2500,53.4200,53.6800,10049600
20140808,54.0900,54.1700,53.1500,53.5800,10326800
20140811,53.8800,54.4400,53.7300,54.2300,7929400
20140812,53.4300,53.9300,53.1800,53.8700,7719000
20140813,52.9400,53.1500,52.5000,52.7600,12375200
20140814,52.9300,53.1600,52.8100,52.8800,9930900
20140815,52.6400,53.3800,52.5800,53.3800,13588900
20140818,53.1100,53.1700,52.8100,53.0600,8867400
20140819,53.7500,53.7600,53.1400,53.2800,8113400
20140820,53.4000,53.6700,53.2800,53.5100,7511600
20140821,55.8900,57.0500,53.5000,53.5200,50434100
20140822,55.5000,55.9800,55.2200,55.7000,11738200
20140825,55.4900,56.1200,55.3800,55.6100,6733700
20140826,56.2500,56.5000,55.4100,55.5000,8994500
20140827,55.9200,56.7100,55.7800,56.2800,7576900
20140828,55.4300,55.8600,55.0300,55.8600,9602900
20140829,55.5000,55.7600,54.9400,55.7600,8658500
20140902,54.8800,55.5900,54.6900,55.4800,11178500
20140903,54.5500,55.3100,54.3500,55.1400,8117300
20140904,54.4400,55.4500,53.9900,54.7900,13083500
20140905,53.9000,54.4100,53.3000,54.3000,16203700
20140908,54.2300,54.2800,53.4700,53.7800,9067200
20140909,52.7300,55.0000,52.4300,54.3600,20227700
20140910,51.1000,51.5500,50.5400,51.4800,31000400
20140911,50.6800,51.2800,50.5100,50.7800,16968200
20140912,52.1900,53.0700,50.0400,50.6000,42371100
20140915,50.9600,52.2900,50.7600,52.2200,12764800
20140916,51.6100,51.8800,50.5600,50.9700,13644100
20140917,51.9500,52.1400,51.4000,51.7200,11468000
20140918,52.7000,52.7300,51.7700,52.0000,12390200
20140919,52.4000,53.0600,52.3300,52.8700,20415400
20140922,52.4700,52.5000,51.8300,52.2700,9501400
20140923,52.7400,53.0400,52.1700,52.3000,11232500
20140924,52.9300,53.1900,52.6300,52.8000,8766100
20140925,52.1500,52.9300,52.0200,52.7400,7517900
20140926,52.9300,53.1400,51.9500,52.0000,7569200
20140929,52.6600,53.0100,52.3000,52.5100,6996300
20140930,56.6300,57.3000,55.9500,56.6200,77254496
20141001,55.4600,56.0800,54.9800,55.1500,24292300
20141002,54.8600,55.6200,54.3700,55.2300,12521600
20141003,54.4400,55.1900,54.1600,55.0600,9569500
20141006,53.5500,54.5500,53.4800,54.4800,9324900
20141007,52.9700,53.6800,52.9400,53.2200,9623600
20141008,54.5100,54.6700,53.2200,53.2800,15358100
20141009,52.8600,54.2200,52.8000,54.1700,8951000
20141010,51.8600,52.8400,51.8300,52.8000,9128700
20141013,50.4600,51.9300,50.3600,51.5600,9653900
20141014,50.5900,51.5000,50.3600,50.9400,12413200
20141015,50.2400,50.3200,48.9200,50.0600,16801900
20141016,47.8800,48.6900,46.3400,48.4900,38140800
20141017,47.9500,48.5800,47.9200,48.2400,13942300
20141020,49.2000,49.3600,47.9100,48.0400,12497400
20141021,50.8600,50.9700,49.5200,49.6500,13959700
20141022,50.1300,51.6100,49.9700,51.2000,13560000
20141023,50.7900,51.0700,50.3600,50.6100,10796700
20141024,51.1200,51.2800,50.5700,50.7900,6387300
20141027,51.1900,51.4900,50.9700,51.1000,6959000
20141028,51.2000,51.3500,51.0000,51.3500,8105500
20141029,51.3300,51.4100,50.7400,50.7900,7322900
20141030,51.5500,52.0000,50.9200,51.0500,6923200
20141031,52.5000,52.7300,51.9800,52.6800,8298300
20141103,52.7000,52.9500,52.2900,52.3200,6985900
20141104,53.2700,53.3300,52.3600,52.5600,7727900
20141105,53.5900,53.7500,53.3200,53.4700,10761800
20141106,53.2600,53.6500,52.9900,53.6200,5893400
20141107,53.5200,53.7300,53.1100,53.3500,5415100
20141110,53.8900,53.9400,53.2600,53.4700,5283400
20141111,54.1900,54.3600,53.4800,54.1700,7115600
20141112,54.0600,54.3500,53.3000,53.8100,6058900
20141113,54.3700,54.6200,53.9300,54.0600,7812900
20141114,54.3600,54.6100,54.0600,54.2700,4971300
20141117,54.8300,55.1000,54.3700,54.3700,7775000
20141118,55.3800,55.6600,54.7000,54.8100,6966200
20141119,54.9400,55.3300,54.2600,55.3300,6721400
20141120,54.5400,54.7200,54.3200,54.5100,5554200
20141121,54.4200,54.8500,54.2300,54.7500,8439900
20141124,54.3900,54.7000,54.2300,54.6800,6067100
20141125,54.4000,54.6900,54.2300,54.2300,6635400
20141126,54.5700,54.6800,54.3000,54.5600,3989500
20141128,54.8800,55.2000,54.5800,54.9000,2969600
20141201,54.8700,55.1200,54.4200,54.7600,6842000
20141202,55.0200,55.4000,54.5500,54.8600,5964300
20141203,54.8100,55.0300,54.5000,55.0300,5386500
20141204,54.6700,54.7500,54.4500,54.6300,5646600
20141205,54.8100,54.8900,54.5100,54.8900,5589600
20141208,55.1500,55.6400,54.7600,55.3500,13228500
20141209,55.4000,55.5100,54.5600,54.5900,11047900
20141210,55.2700,55.5900,54.9000,55.0200,16424600
20141211,56.7900,57.6300,55.3100,55.4100,23727400
20141212,55.7700,56.7800,55.7600,56.1700,9516000
20141215,55.4400,56.7000,55.2500,55.8600,7465500
20141216,55.9400,56.7700,55.1500,55.3800,15189700
20141217,56.4100,56.4700,55.6700,55.9600,10527700
20141218,57.5300,57.5300,56.8800,57.0100,9036600
20141219,57.1400,57.6900,56.9600,57.5000,15784000
20141222,57.3300,57.9400,57.0600,57.4700,13453300
20141223,57.2300,57.7400,57.2100,57.7300,5688100
20141224,57.1000,57.4600,57.0900,57.4300,1761400
20141226,57.0400,57.3400,56.9400,57.3400,2858100
20141229,57.0300,57.4400,56.8200,57.1400,3575400
20141230,57.2200,57.4900,56.8400,56.8600,4398500
20141231,56.1200,57.2500,56.0800,57.0600,5917700
20150102,56.2100,56.8400,55.7300,56.3800,5901200
20150105,55.7400,56.2400,55.3000,55.8500,7447000
20150106,55.0200,55.8000,54.6900,55.8000,9649300
20150107,54.9300,55.4800,54.4400,55.1800,9251500
20150108,56.4100,56.4200,55.3000,55.3100,10238400
20150109,55.6300,56.4300,55.5000,56.3200,7008800
20150112,55.2000,55.8500,54.9700,55.6600,4542000
20150113,55.1300,56.4000,54.9200,55.8200,6468400
20150114,54.0300,54.7300,53.5200,54.3700,10080900
20150115,53.0200,54.3100,52.9500,54.1700,11704400
20150116,53.6600,53.9500,52.7600,52.9300,9823600
20150120,53.6800,54.0700,52.9200,53.9000,8338900
20150121,53.3800,53.9800,53.1500,53.4100,15990800
20150122,57.1500,57.2300,54.9900,55.1800,29893300
20150123,56.7600,57.2800,56.3200,56.9900,13389700
20150126,56.0600,56.9300,55.8300,56.3700,10291000
20150127,54.6900,55.7600,54.6700,55.5200,9527400
20150128,53.8400,55.2800,53.7900,55.0500,8592900
20150129,53.9600,54.0600,53.3400,53.7500,6348800
20150130,53.0000,54.0600,52.9600,53.8500,10509300
20150202,53.7100,53.9100,52.5400,53.1100,7796700
20150203,54.2500,54.5000,53.8900,53.9100,7400600
20150204,53.7100,54.3800,53.5100,54.0900,6839900
20150205,54.2900,54.5100,53.7100,53.8500,6175000
20150206,54.5000,54.9000,54.0600,54.2000,7952100
20150209,54.3300,54.8300,54.0100,54.0100,4297100
20150210,55.2700,55.5700,53.8800,54.4400,10928500
20150211,55.1400,55.4500,54.6500,55.4200,6225400
20150212,54.7400,55.6500,54.6900,55.6400,8954500
20150213,56.4700,56.6100,55.0000,55.0200,10285400
20150217,56.4200,56.4600,55.8100,56.1700,7448400
20150218,56.9000,56.9900,56.3100,56.3900,5919500
20150219,57.6500,57.7000,56.4300,56.9700,7792200
20150220,58.0200,58.0500,57.2600,57.6700,7009700
20150223,58.0700,58.6000,57.7400,57.8400,8120300
20150224,58.4000,58.5400,57.8700,58.0700,5041800
20150225,58.3500,58.6000,57.9700,58.5400,7677700
20150226,58.5400,58.8600,58.2100,58.2300,5710800
20150227,57.9100,58.7000,57.7400,58.6800,6269500
20150302,58.3800,58.6600,57.5500,57.5500,6490800
20150303,58.2600,58.6300,58.0100,58.3600,4903900
20150304,58.3100,58.8000,57.6100,57.8600,5791000
20150305,59.0800,59.2900,58.2800,58.2800,6882900
20150306,59.8700,60.4700,59.0200,59.1000,13804800
20150309,60.8100,60.9300,59.7300,59.8700,13773800
20150310,59.2100,60.5000,59.0700,60.0500,15744600
20150311,59.6800,60.2000,59.3200,59.3300,10799900
20150312,59.4100,60.1500,59.0900,60.0600,7425100
20150313,59.0700,60.0400,58.6200,60.0400,7867000
20150316,59.5700,59.9800,59.1200,59.5200,6324200
20150317,59.4900,59.8900,58.8500,59.5500,6891000
20150318,58.4300,59.3600,57.6800,59.3600,15651900
20150319,57.8800,58.3400,56.6900,56.8100,13559500
20150320,57.9300,58.5800,57.9300,58.2100,21421700
20150323,58.6200,59.2200,57.9200,57.9200,7402100
20150324,59.5100,60.0300,58.3100,58.3300,12504800
20150325,58.0600,59.6200,58.0200,59.6200,10508900
20150326,57.5200,58.1700,57.2600,57.5600,6541800
20150327,57.6300,57.9600,57.3000,57.3500,6036200
20150330,57.9300,58.4000,57.7400,57.7500,4731500
20150331,57.6800,58.3900,57.6700,57.7000,4840200
20150401,57.1300,57.7300,56.8100,57.3300,4921800
20150402,56.9100,57.2500,56.7600,57.0500,3543600
20150406,56.8200,57.1600,55.4500,55.5000,6188200
20150407,57.0800,57.9100,56.8400,57.1000,6835800
20150408,57.1100,57.6100,56.6300,57.1900,6874600
20150409,57.0100,57.4500,56.5000,57.1100,4860400
